 acc 
0 0.7479444444444444 
1 0.7523333333333333
2 0.7595 
3 0.7684444444444445 
4 0.7708333333333334 
5 0.7772222222222223 
6 0.7821666666666667 
7 0.7817222222222222 
8 0.7863888888888889 
9 0.7767777777777778 
10 0.7789444444444444 
11 0.7860555555555555 
12 0.7848333333333334 
13 0.7856111111111111 
14 0.7882222222222223 
15 0.786 
16 0.7905555555555556 
17 0.7892222222222223 
18 0.7909444444444444 
19 0.7906666666666666 
20 0.7942777777777777 
21 0.7957222222222222 
22 0.7932222222222223 
23 0.7951111111111111 
24 0.7994444444444444 
25 0.8 
26 0.7983888888888889 
27 0.7991111111111111 
28 0.7983333333333333 
29 0.8013333333333333 
{"model": "MAE", "batch_size": 256, "lr": 0.01, "n_epochs": 30, 
"tol": 0.001, "num_classes": 10, "img_size": [28, 28], "patch_size": [4, 4], 
"in_chans": 1, "embed_dim": 16, "depth": 5, "num_heads": 4, "dim_head": 4, 
"decoder_embed_dim": 16, "mlp_ratio": 5, "norm_pix_loss": false, "alpha": 0.8, 
"n_clusters": 10, "n_init": 20, "interval": 1}
